



left_projection: 
1404.68       0 1093.77       0
      0 1404.96 650.198       0
      0       0       1       0
right_projection: 
    1376.92     2.00208     1088.67     -169124
   -14.5708     1393.23      683.02    -157.318
 -0.0168269 -0.00100995    0.999858    -1.58401
left box: center: 1239.39 731.352 size: 153.614 161.516 angle: 59.2503
right box: center: 701.662 769.077 size: 157.555 163.977 angle: 101.367
A: 
  0.908178  0.0409862 -0.0965149          0
 0.0409862   0.953052 -0.0592998          0
-0.0965149 -0.0592998  0.0105094          0
         0          0          0          0
B: 
   1.74528 -0.0268721    0.48846   -211.169
-0.0268721    1.89289  -0.123577    4.42398
   0.48846  -0.123577   0.137707   -59.1508
  -211.169    4.42398   -59.1508    25550.9
left ellipse: 
 4.60274e-07  2.07681e-08 -0.000585647
 2.07681e-08  4.82827e-07 -0.000378856
-0.000585647 -0.000378856            1
right ellipse: 
 9.04936e-07 -1.44977e-08 -0.000623809
-1.44977e-08  9.74139e-07 -0.000739016
-0.000623809 -0.000739016            1
I2: -262.423 I3: -260.079 I4: -64.4791
I2: -262.423 I3: -260.079 I4: -64.4791
C: 
 0.0433321  0.0543023  -0.338564    104.642
 0.0543023  0.0150616 0.00193708   -2.19223
 -0.338564 0.00193708  -0.057729    29.3112
   104.642   -2.19223    29.3112   -12661.4
eigen     -12662.3
-0.000121413
   0.0140173
     0.91977
A_full          0   -1404.96    81.1541          0
   1404.68          0   -145.618          0
-0.0230066 -0.0579649   0.361546    -112.53
          0
          0
2.30926e-14
A_full          0   -1404.96    113.864          0
   1404.68          0   -76.1239          0
-0.0230066 -0.0579649   0.361546    -112.53
          0
          0
3.77476e-15



left_projection: 
1404.68       0 1093.77       0
      0 1404.96 650.198       0
      0       0       1       0
right_projection: 
    1376.92     2.00208     1088.67     -169124
   -14.5708     1393.23      683.02    -157.318
 -0.0168269 -0.00100995    0.999858    -1.58401
left box: center: 1241.32 732.047 size: 245.284 249.022 angle: 70.0607
right box: center: 697.516 768.057 size: 244.167 252.678 angle: 80.4125
A: 
  0.943298 0.00925679 -0.0996232          0
0.00925679   0.965832 -0.0572387          0
-0.0996232 -0.0572387 0.00641378          0
         0          0          0          0
B: 
  1.73344 0.0214079  0.487549  -209.726
0.0214079   1.86376 -0.106878  -1.44043
 0.487549 -0.106878  0.129517  -59.0054
 -209.726  -1.44043  -59.0054     25375
left ellipse: 
 4.78073e-07  4.69051e-09 -0.000596874
 4.69051e-09  4.89301e-07 -0.000364013
-0.000596874 -0.000364013            1
right ellipse: 
 8.98949e-07  1.04511e-08 -0.000635058
 1.04511e-08  9.59056e-07 -0.000743899
-0.000635058 -0.000743899            1
I2: -629.821 I3: -655.81 I4: -170.717
I2: -629.821 I3: -655.81 I4: -170.717
C: 
  0.0408124 -0.00188882   -0.353457      109.19
-0.00188882 -0.00450304 -0.00159479    0.749933
  -0.353457 -0.00159479  -0.0610171     30.7201
     109.19    0.749933     30.7201      -13211
eigen       -13212
 -0.00456013
-7.71919e-06
    0.953744
A_full          0   -1404.96    81.8485          0
   1404.68          0   -147.547          0
-0.0212453 0.00217296   0.369787   -114.947
3.63798e-12
          0
1.29896e-14
A_full          0   -1404.96    181.294          0
   1404.68          0   -219.322          0
-0.0212453 0.00217296   0.369787   -114.947
 1.45519e-11
-1.45519e-11
  2.9643e-14



left_projection: 
1404.68       0 1093.77       0
      0 1404.96 650.198       0
      0       0       1       0
right_projection: 
    1376.92     2.00208     1088.67     -169124
   -14.5708     1393.23      683.02    -157.318
 -0.0168269 -0.00100995    0.999858    -1.58401
left box: center: 1240.65 732.7 size: 158.283 162.659 angle: 65.004
right box: center: 701.662 769.077 size: 157.555 163.977 angle: 101.367
A: 
  0.927528  0.0197164 -0.0981419          0
 0.0197164   0.960996 -0.0584935          0
-0.0981419 -0.0584935  0.0106183          0
         0          0          0          0
B: 
   1.74528 -0.0268721    0.48846   -211.169
-0.0268721    1.89289  -0.123577    4.42398
   0.48846  -0.123577   0.137707   -59.1508
  -211.169    4.42398   -59.1508    25550.9
left ellipse: 
  4.7008e-07  9.99052e-09 -0.000590523
 9.99052e-09  4.86851e-07 -0.000369111
-0.000590523 -0.000369111            1
right ellipse: 
 9.04936e-07 -1.44977e-08 -0.000623809
-1.44977e-08  9.74139e-07 -0.000739016
-0.000623809 -0.000739016            1
I2: -268.064 I3: -274.117 I4: -70.0821
I2: -268.064 I3: -274.117 I4: -70.0821
C: 
  0.0351852   0.0334559   -0.347886     107.968
  0.0334559 -0.00681664  0.00469027    -2.26193
  -0.347886  0.00469027  -0.0597896     30.2431
    107.968    -2.26193     30.2431    -13063.9
eigen    -13064.9
-0.00680644
3.49801e-05
   0.938016
A_full           0    -1404.96     82.5023           0
    1404.68           0    -146.876           0
    1.90757 -0.00467874    0.162925     -114.29
          0
7.27596e-12
1.42109e-14
A_full           0    -1404.96     147.761           0
    1404.68           0    -102.102           0
    1.90757 -0.00467874    0.162925     -114.29
7.27596e-12
          0
1.42109e-14



left_projection: 
1404.68       0 1093.77       0
      0 1404.96 650.198       0
      0       0       1       0
right_projection: 
    1376.92     2.00208     1088.67     -169124
   -14.5708     1393.23      683.02    -157.318
 -0.0168269 -0.00100995    0.999858    -1.58401
left box: center: 1241.32 732.047 size: 245.284 249.022 angle: 70.0607
right box: center: 697.516 768.057 size: 244.167 252.678 angle: 80.4125
A: 
  0.943298 0.00925679 -0.0996232          0
0.00925679   0.965832 -0.0572387          0
-0.0996232 -0.0572387 0.00641378          0
         0          0          0          0
B: 
  1.73344 0.0214079  0.487549  -209.726
0.0214079   1.86376 -0.106878  -1.44043
 0.487549 -0.106878  0.129517  -59.0054
 -209.726  -1.44043  -59.0054     25375
left ellipse: 
 4.78073e-07  4.69051e-09 -0.000596874
 4.69051e-09  4.89301e-07 -0.000364013
-0.000596874 -0.000364013            1
right ellipse: 
 8.98949e-07  1.04511e-08 -0.000635058
 1.04511e-08  9.59056e-07 -0.000743899
-0.000635058 -0.000743899            1
I2: -629.821 I3: -655.81 I4: -170.717
I2: -629.821 I3: -655.81 I4: -170.717
C: 
  0.0408124 -0.00188882   -0.353457      109.19
-0.00188882 -0.00450304 -0.00159479    0.749933
  -0.353457 -0.00159479  -0.0610171     30.7201
     109.19    0.749933     30.7201      -13211
eigen       -13212
 -0.00456013
-7.71919e-06
    0.953744
A_full          0   -1404.96    81.8485          0
   1404.68          0   -147.547          0
-0.0212453 0.00217296   0.369787   -114.947
3.63798e-12
          0
1.29896e-14
A_full          0   -1404.96    181.294          0
   1404.68          0   -219.322          0
-0.0212453 0.00217296   0.369787   -114.947
 1.45519e-11
-1.45519e-11
  2.9643e-14